start=17.974000
speed=0.100000
