start=18.164000
speed=0.100000
