start=4.483175
sub-delay=-0.100000
