start=171.174152
volume=98.000000
