start=21.333000
volume=99.000000
