start=2704.680000
volume=99.000000
